//51 np´s für floors+outer_walls+inner_walls
NUMPOLLIES 102

// Laridee: Ebenen nur durch y Werte verschieden, einmal durchlaufen mit 3 Werten (-1,0,+1) 
//	Idee: Ebene = -1 || 0 || 1 --> Ebene+0 || Ebene +1 || Ebene+2 

//=================================FLOORS================================
// Floor 1 bottom
  0.0  -0.99   0.0  10.0  0.0 3.1
 10.0  -0.99   0.0   0.0  0.0
 10.0  -0.99 -10.0   0.0 10.0

  0.0  -0.99   0.0  10.0  0.0 3.1
 10.0  -0.99 -10.0   0.0 10.0
  0.0  -0.99 -10.0  10.0 10.0


// Floor 2 TOP
-60.0   0.0   60.0  1.0  0.0 12.5
 60.0   0.0   60.0  0.0  0.0
 60.0   0.0  -60.0  0.0  1.0

-60.0   0.0   60.0  1.0  0.0 12.5
 60.0   0.0  -60.0  0.0  1.0
-60.0   0.0  -60.0  1.0  1.0

//=================================OUTER_WALLS================================
// Floor 1 Outer Wall left

  0.0  -1.0    0.0  10.0  0.0  0.0
  0.0  -1.0  -10.0   0.0  0.0	 
  0.0   0.0  -10.0   0.0  1.0  

  0.0  -1.0    0.0  10.0  0.0  0.0
  0.0   0.0  -10.0   0.0  1.0  
  0.0   0.0    0.0  10.0  1.0  


// Floor 1 Outer Wall right

 10.0  -1.0    0.0   0.0  1.0  0.0
 10.0  -1.0  -10.0  10.0  1.0	 
 10.0   0.0  -10.0  10.0  0.0  

 10.0  -1.0    0.0   0.0  1.0  0.0
 10.0   0.0  -10.0  10.0  0.0	 
 10.0   0.0    0.0   0.0  0.0  

// Floor 1 Outer Wall back

  0.0  -1.0    0.0   8.0  0.0  0.0
 10.0  -1.0    0.0   0.0  0.0	 
 10.0   0.0    0.0   0.0  1.0  

  0.0  -1.0    0.0   8.0  0.0  0.0
 10.0   0.0    0.0   0.0  1.0	 
  0.0   0.0    0.0   8.0  1.0  

// Floor 1 Outer Wall front

  0.0  -1.0  -10.0  10.0  0.0  0.0
 10.0  -1.0  -10.0   0.0  0.0	 
 10.0   0.0  -10.0   0.0  1.0  

  0.0  -1.0  -10.0  10.0  0.0  0.0
 10.0   0.0  -10.0   0.0  1.0	 
  0.0   0.0  -10.0  10.0  1.0  


//=22v=23h=========================FLOOR_1_WALLS==========================90np´s==

// Wall 1 vertical 

  1.0  -1.0    0.0   1.0  0.0  0.0
  1.0  -1.0   -1.0   0.0  0.0	 
  1.0   0.0   -1.0   0.0  1.0  

  1.0  -1.0    0.0   1.0  0.0  0.0
  1.0   0.0   -1.0   0.0  1.0  
  1.0   0.0    0.0   1.0  1.0 

// Wall 2 vertical 

  1.0  -1.0   -3.0   1.0  0.0  0.0
  1.0  -1.0   -4.0   0.0  0.0	 
  1.0   0.0   -4.0   0.0  1.0  

  1.0  -1.0   -3.0   1.0  0.0  0.0
  1.0   0.0   -4.0   0.0  1.0  
  1.0   0.0   -3.0   1.0  1.0 

// Wall 3 vertical 

  1.0  -1.0   -5.0   1.0  0.0  0.0
  1.0  -1.0   -6.0   0.0  0.0	 
  1.0   0.0   -6.0   0.0  1.0  

  1.0  -1.0   -5.0   1.0  0.0  0.0
  1.0   0.0   -6.0   0.0  1.0  
  1.0   0.0   -5.0   1.0  1.0 

// Wall 4 vertical 

  1.0  -1.0   -7.0   2.0  0.0  1.0
  1.0  -1.0   -9.0   0.0  0.0	 
  1.0   0.0   -9.0   0.0  1.0  

  1.0  -1.0   -7.0   2.0  0.0  1.0
  1.0   0.0   -9.0   0.0  1.0  
  1.0   0.0   -7.0   2.0  1.0 

// Wall 5 vertical 

  2.0  -1.0   -1.0   1.0  0.0  10.0
  2.0  -1.0   -2.0   0.0  0.0	 
  2.0   0.0   -2.0   0.0  1.0  

  2.0  -1.0   -1.0   1.0  0.0  10.0
  2.0   0.0   -2.0   0.0  1.0  
  2.0   0.0   -1.0   1.0  1.0 

// Wall 6 vertical 

  2.0  -1.0   -4.0   1.0  0.0  2.0
  2.0  -1.0   -5.0   0.0  0.0	 
  2.0   0.0   -5.0   0.0  1.0  

  2.0  -1.0   -4.0   1.0  0.0  2.0
  2.0   0.0   -5.0   0.0  1.0  
  2.0   0.0   -4.0   1.0  1.0 

// Wall 7 vertical 

  2.0  -1.0   -7.0   2.0  0.0  0.0
  2.0  -1.0   -9.0   0.0  0.0	 
  2.0   0.0   -9.0   0.0  1.0  

  2.0  -1.0   -7.0   2.0  0.0  0.0
  2.0   0.0   -9.0   0.0  1.0  
  2.0   0.0   -7.0   2.0  1.0 

// Wall 8 vertical 

  3.0  -1.0   -2.0   1.0  0.0  11.0
  3.0  -1.0   -3.0   0.0  0.0	 
  3.0   0.0   -3.0   0.0  1.0  

  3.0  -1.0   -2.0   1.0  0.0  11.0
  3.0   0.0   -3.0   0.0  1.0  
  3.0   0.0   -2.0   1.0  1.0 

// Wall 9 vertical 

  4.0  -1.0   -3.0   1.0  0.0  0.0
  4.0  -1.0   -4.0   0.0  0.0	 
  4.0   0.0   -4.0   0.0  1.0  

  4.0  -1.0   -3.0   1.0  0.0  0.0
  4.0   0.0   -4.0   0.0  1.0  
  4.0   0.0   -3.0   1.0  1.0 

// Wall 10 vertical 

  4.0  -1.0   -5.0   4.0  0.0  0.0
  4.0  -1.0   -9.0   0.0  0.0	 
  4.0   0.0   -9.0   0.0  1.0  

  4.0  -1.0   -5.0   4.0  0.0  0.0
  4.0   0.0   -9.0   0.0  1.0  
  4.0   0.0   -5.0   4.0  1.0 

// Wall 11 vertical 

  5.0  -1.0    0.0   2.0  0.0  0.0
  5.0  -1.0   -2.0   0.0  0.0	 
  5.0   0.0   -2.0   0.0  1.0  

  5.0  -1.0    0.0   2.0  0.0  0.0
  5.0   0.0   -2.0   0.0  1.0  
  5.0   0.0    0.0   2.0  1.0 

// Wall 12 vertical 

  5.0  -1.0   -3.0   5.0  0.0  0.0
  5.0  -1.0   -8.0   0.0  0.0	 
  5.0   0.0   -8.0   0.0  1.0  

  5.0  -1.0   -3.0   5.0  0.0  0.0
  5.0   0.0   -8.0   0.0  1.0  
  5.0   0.0   -3.0   5.0  1.0 

// Wall 13 vertical 

  6.0  -1.0    0.0   1.0  0.0  10.0
  6.0  -1.0   -1.0   0.0  0.0	 
  6.0   0.0   -1.0   0.0  1.0  

  6.0  -1.0    0.0   1.0  0.0  10.0
  6.0   0.0   -1.0   0.0  1.0  
  6.0   0.0    0.0   1.0  1.0 


// Wall 14 vertical 

  6.0  -1.0   -4.0   3.0  0.0  0.0
  6.0  -1.0   -7.0   0.0  0.0	 
  6.0   0.0   -7.0   0.0  1.0  

  6.0  -1.0   -4.0   3.0  0.0  0.0
  6.0   0.0   -7.0   0.0  1.0  
  6.0   0.0   -4.0   3.0  1.0 

// Wall 15 vertical 

  6.0  -1.0   -8.0   2.0  0.0  0.0
  6.0  -1.0  -10.0   0.0  0.0	 
  6.0   0.0  -10.0   0.0  1.0  

  6.0  -1.0   -8.0   2.0  0.0  0.0
  6.0   0.0  -10.0   0.0  1.0  
  6.0   0.0   -8.0   2.0  1.0 

// Wall 16 vertical 

  7.0  -1.0   -1.0   3.0  0.0  1.0
  7.0  -1.0   -4.0   0.0  0.0	 
  7.0   0.0   -4.0   0.0  1.0  

  7.0  -1.0   -1.0   3.0  0.0  1.0
  7.0   0.0   -4.0   0.0  1.0  
  7.0   0.0   -1.0   3.0  1.0 


// Wall 17 vertical 

  7.0  -1.0   -7.0   2.0  0.0  0.0
  7.0  -1.0   -9.0   0.0  0.0	 
  7.0   0.0   -9.0   0.0  1.0  

  7.0  -1.0   -7.0   2.0  0.0  0.0
  7.0   0.0   -9.0   0.0  1.0  
  7.0   0.0   -7.0   2.0  1.0 

// Wall 18 vertical 

  8.0  -1.0   -1.0   1.0  0.0  11.0
  8.0  -1.0   -2.0   0.0  0.0	 
  8.0   0.0   -2.0   0.0  1.0  

  8.0  -1.0   -1.0   1.0  0.0  11.0
  8.0   0.0   -2.0   0.0  1.0  
  8.0   0.0   -1.0   1.0  1.0 

// Wall 19 vertical 

  8.0  -1.0   -3.0   1.0  0.0  1.0
  8.0  -1.0   -4.0   0.0  0.0	 
  8.0   0.0   -4.0   0.0  1.0  

  8.0  -1.0   -3.0   1.0  0.0  1.0
  8.0   0.0   -4.0   0.0  1.0  
  8.0   0.0   -3.0   1.0  1.0 

// Wall 20 vertical 

  8.0  -1.0   -8.0   1.0  0.0  2.0
  8.0  -1.0   -9.0   0.0  0.0	 
  8.0   0.0   -9.0   0.0  1.0  

  8.0  -1.0   -8.0   1.0  0.0  2.0
  8.0   0.0   -9.0   0.0  1.0  
  8.0   0.0   -8.0   1.0  1.0 

// Wall 21 vertical 

  9.0  -1.0   -2.0   3.0  0.0  0.0
  9.0  -1.0   -5.0   0.0  0.0	 
  9.0   0.0   -5.0   0.0  1.0  

  9.0  -1.0   -2.0   3.0  0.0  0.0
  9.0   0.0   -5.0   0.0  1.0  
  9.0   0.0   -2.0   3.0  1.0 

// Wall 22 vertical 

  9.0  -1.0   -6.0   1.0  0.0  1.0
  9.0  -1.0   -7.0   0.0  0.0	 
  9.0   0.0   -7.0   0.0  1.0  

  9.0  -1.0   -6.0   1.0  0.0  1.0
  9.0   0.0   -7.0   0.0  1.0  
  9.0   0.0   -6.0   1.0  1.0 


// Wall 1 horizontal

  2.0  -1.0   -1.0   2.0  0.0  0.0
  4.0  -1.0   -1.0   0.0  0.0	 
  4.0   0.0   -1.0   0.0  1.0  

  2.0  -1.0   -1.0   2.0  0.0  0.0
  4.0   0.0   -1.0   0.0  1.0	 
  2.0   0.0   -1.0   2.0  1.0

// Wall 2 horizontal

  8.0  -1.0   -1.0   2.0  0.0  1.0
 10.0  -1.0   -1.0   0.0  0.0	 
 10.0   0.0   -1.0   0.0  1.0  

  8.0  -1.0   -1.0   2.0  0.0  1.0
 10.0   0.0   -1.0   0.0  1.0	 
  8.0   0.0   -1.0   2.0  1.0

// Wall 3 horizontal

  0.0  -1.0   -2.0   2.0  0.0  0.0
  2.0  -1.0   -2.0   0.0  0.0	 
  2.0   0.0   -2.0   0.0  1.0  

  0.0  -1.0   -2.0   2.0  0.0  0.0
  2.0   0.0   -2.0   0.0  1.0	 
  0.0   0.0   -2.0   2.0  1.0

// Wall 4 horizontal

  3.0  -1.0   -2.0   4.0  0.0  0.0
  7.0  -1.0   -2.0   0.0  0.0	 
  7.0   0.0   -2.0   0.0  1.0  

  3.0  -1.0   -2.0   4.0  0.0  0.0
  7.0   0.0   -2.0   0.0  1.0	 
  3.0   0.0   -2.0   4.0  1.0

// Wall 5 horizontal

  1.0  -1.0   -3.0   2.0  0.0  0.0
  3.0  -1.0   -3.0   0.0  0.0	 
  3.0   0.0   -3.0   0.0  1.0  

  1.0  -1.0   -3.0   2.0  0.0  0.0
  3.0   0.0   -3.0   0.0  1.0	 
  1.0   0.0   -3.0   2.0  1.0

// Wall 6 horizontal

  5.0  -1.0   -3.0   1.0  0.0  2.0
  6.0  -1.0   -3.0   0.0  0.0	 
  6.0   0.0   -3.0   0.0  1.0  

  5.0  -1.0   -3.0   1.0  0.0  2.0
  6.0   0.0   -3.0   0.0  1.0	 
  5.0   0.0   -3.0   1.0  1.0

// Wall 7 horizontal

  7.0  -1.0   -3.0   1.0  0.0  11.0
  8.0  -1.0   -3.0   0.0  0.0	 
  8.0   0.0   -3.0   0.0  1.0  

  7.0  -1.0   -3.0   1.0  0.0  11.0
  8.0   0.0   -3.0   0.0  1.0	 
  7.0   0.0   -3.0   1.0  1.0

// Wall 8 horizontal

  1.0  -1.0   -4.0   3.0  0.0  0.0
  4.0  -1.0   -4.0   0.0  0.0	 
  4.0   0.0   -4.0   0.0  1.0  

  1.0  -1.0   -4.0   3.0  0.0  0.0
  4.0   0.0   -4.0   0.0  1.0	 
  1.0   0.0   -4.0   3.0  1.0

// Wall 9 horizontal

  6.0  -1.0   -4.0   1.0  0.0  1.0
  7.0  -1.0   -4.0   0.0  0.0	 
  7.0   0.0   -4.0   0.0  1.0  

  6.0  -1.0   -4.0   1.0  0.0  1.0
  7.0   0.0   -4.0   0.0  1.0	 
  6.0   0.0   -4.0   1.0  1.0

// Wall 10 horizontal

  1.0  -1.0   -5.0   3.0  0.0  0.0
  4.0  -1.0   -5.0   0.0  0.0	 
  4.0   0.0   -5.0   0.0  1.0  

  1.0  -1.0   -5.0   3.0  0.0  0.0
  4.0   0.0   -5.0   0.0  1.0	 
  1.0   0.0   -5.0   3.0  1.0

// Wall 11 horizontal

  7.0  -1.0   -5.0   2.0  0.0  0.0
  9.0  -1.0   -5.0   0.0  0.0	 
  9.0   0.0   -5.0   0.0  1.0  

  7.0  -1.0   -5.0   2.0  0.0  0.0
  9.0   0.0   -5.0   0.0  1.0	 
  7.0   0.0   -5.0   2.0  1.0

// Wall 12 horizontal

  1.0  -1.0   -6.0   2.0  0.0  0.0
  3.0  -1.0   -6.0   0.0  0.0	 
  3.0   0.0   -6.0   0.0  1.0  

  1.0  -1.0   -6.0   2.0  0.0  0.0
  3.0   0.0   -6.0   0.0  1.0	 
  1.0   0.0   -6.0   2.0  1.0

// Wall 13 horizontal

  7.0  -1.0   -6.0   2.0  0.0  0.0
  9.0  -1.0   -6.0   0.0  0.0	 
  9.0   0.0   -6.0   0.0  1.0  

  7.0  -1.0   -6.0   2.0  0.0  0.0
  9.0   0.0   -6.0   0.0  1.0	 
  7.0   0.0   -6.0   2.0  1.0

// Wall 14 horizontal

  0.0  -1.0   -7.0   1.0  0.0  2.0
  1.0  -1.0   -7.0   0.0  0.0	 
  1.0   0.0   -7.0   0.0  1.0  

  0.0  -1.0   -7.0   1.0  0.0  2.0
  1.0   0.0   -7.0   0.0  1.0	 
  0.0   0.0   -7.0   1.0  1.0

// Wall 15 horizontal

  2.0  -1.0   -7.0   2.0  0.0  0.0
  4.0  -1.0   -7.0   0.0  0.0	 
  4.0   0.0   -7.0   0.0  1.0  

  2.0  -1.0   -7.0   2.0  0.0  0.0
  4.0   0.0   -7.0   0.0  1.0	 
  2.0   0.0   -7.0   2.0  1.0

// Wall 16 horizontal

  6.0  -1.0   -7.0   2.0  0.0  0.0
  8.0  -1.0   -7.0   0.0  0.0	 
  8.0   0.0   -7.0   0.0  1.0  

  6.0  -1.0   -7.0   2.0  0.0  0.0
  8.0   0.0   -7.0   0.0  1.0	 
  6.0   0.0   -7.0   2.0  1.0

// Wall 17 horizontal

  9.0  -1.0   -7.0   1.0  0.0  2.0
 10.0  -1.0   -7.0   0.0  0.0	 
 10.0   0.0   -7.0   0.0  1.0  

  9.0  -1.0   -7.0   1.0  0.0  2.0
 10.0   0.0   -7.0   0.0  1.0	 
  9.0   0.0   -7.0   1.0  1.0

// Wall 18 horizontal

  3.0  -1.0   -8.0   1.0  0.0  1.0
  4.0  -1.0   -8.0   0.0  0.0	 
  4.0   0.0   -8.0   0.0  1.0  

  3.0  -1.0   -8.0   1.0  0.0  1.0
  4.0   0.0   -8.0   0.0  1.0	 
  3.0   0.0   -8.0   1.0  1.0

// Wall 19 horizontal

  5.0  -1.0   -8.0   1.0  0.0  10.0
  6.0  -1.0   -8.0   0.0  0.0	 
  6.0   0.0   -8.0   0.0  1.0  

  5.0  -1.0   -8.0   1.0  0.0  10.0
  6.0   0.0   -8.0   0.0  1.0	 
  5.0   0.0   -8.0   1.0  1.0

// Wall 20 horizontal

  8.0  -1.0   -8.0   2.0  0.0  0.0
 10.0  -1.0   -8.0   0.0  0.0	 
 10.0   0.0   -8.0   0.0  1.0  

  8.0  -1.0   -8.0   2.0  0.0  0.0
 10.0   0.0   -8.0   0.0  1.0	 
  8.0   0.0   -8.0   2.0  1.0

// Wall 21 horizontal

  2.0  -1.0   -9.0   1.0  0.0  0.0
  3.0  -1.0   -9.0   0.0  0.0	 
  3.0   0.0   -9.0   0.0  1.0  

  2.0  -1.0   -9.0   1.0  0.0  0.0
  3.0   0.0   -9.0   0.0  1.0	 
  2.0   0.0   -9.0   1.0  1.0

// Wall 22 horizontal

  4.0  -1.0   -9.0   1.0  0.0  0.0
  5.0  -1.0   -9.0   0.0  0.0	 
  5.0   0.0   -9.0   0.0  1.0  

  4.0  -1.0   -9.0   1.0  0.0  0.0
  5.0   0.0   -9.0   0.0  1.0	 
  4.0   0.0   -9.0   1.0  1.0

// Wall 23 horizontal

  8.0  -1.0   -9.0   1.0  0.0  11.0
  9.0  -1.0   -9.0   0.0  0.0	 
  9.0   0.0   -9.0   0.0  1.0  

  8.0  -1.0   -9.0   1.0  0.0  11.0
  9.0   0.0   -9.0   0.0  1.0	 
  8.0   0.0   -9.0   1.0  1.0


//==========================================END======================================